%% File generated by CATS v.2.1Fri Mar 22 04:45:39 2013

%% The CATS webpage is http://robotics.stanford.edu/CATS

%% PARAMETER SETTINGS:
% Goods: 20; Bids: 100; Distribution: arbitrary; Runs: 1; Seed: 1363945670
% Arbitrary Distribution Parameters:
% Max Substitutable Bids = 5
% Removing HV Neighbor   = 0.1
% Adding DIAG Neighbor   = 0.2
% Additional Location    = 0.9
% Additivity             = 0.2
% Budget Factor          = 1.5
% Resale Factor          = 0.5
% Normal Private Value:
%   Mean                 = 0
%   Standard Deviation   = 30



goods 20
bids 105
dummy 18

0	653.864	1	3	6	7	8	10	13	15	16	18	19	20	#
1	804.385	1	3	7	12	13	14	15	16	17	18	19	20	#
2	791.19	1	2	6	7	11	12	13	14	15	16	18	20	#
3	721.439	0	1	2	6	7	11	14	15	16	17	18	20	#
4	677.408	0	1	3	6	7	10	13	14	15	16	17	20	#
5	675.301	0	1	6	7	8	12	13	16	17	18	19	20	#
6	149.232	4	#
7	607.229	0	3	7	8	9	13	15	18	21	#
8	793.997	2	3	4	9	12	13	15	18	21	#
9	761.35	3	5	8	9	11	13	18	19	21	#
10	723.256	2	4	5	7	10	11	18	19	21	#
11	659.893	1	2	4	7	8	9	10	18	21	#
12	644.65	5	6	7	8	10	11	12	13	21	#
13	690.145	1	2	7	8	9	11	12	13	15	19	22	#
14	805.71	2	3	9	11	12	13	14	15	18	19	22	#
15	746.727	0	2	3	5	7	8	9	12	13	14	22	#
16	718.084	1	3	4	5	9	12	13	14	15	19	22	#
17	690.788	2	3	4	5	7	8	9	13	17	18	22	#
18	627.38	0	1	3	6	8	12	13	15	16	19	22	#
19	351.514	12	13	17	19	23	#
20	418.607	1	13	14	15	23	#
21	383.609	2	5	12	15	23	#
22	270.571	3	7	8	17	23	#
23	157.479	3	10	12	19	23	#
24	1248.66	0	1	2	3	4	5	6	7	8	9	10	11	12	13	14	15	16	17	18	19	#
25	654.112	2	3	4	6	8	9	10	11	12	16	17	19	24	#
26	763.157	2	3	7	8	9	10	11	12	13	14	15	16	24	#
27	699.788	2	3	6	7	10	11	12	13	14	15	16	17	24	#
28	650.736	2	3	5	8	9	10	11	12	13	14	17	19	24	#
29	645.243	1	2	3	4	9	10	11	12	13	14	16	17	24	#
30	633.964	2	3	6	8	9	11	12	13	14	15	17	19	24	#
31	868.914	0	1	3	4	5	6	7	8	11	13	14	15	16	17	18	19	25	#
32	1006.75	1	3	4	5	6	7	8	10	12	13	14	15	16	17	18	19	25	#
33	994.873	0	1	4	5	6	7	10	11	12	13	14	15	16	17	18	19	25	#
34	994.549	0	3	4	5	6	7	8	11	12	13	14	15	16	17	18	19	25	#
35	970.603	0	3	4	5	6	8	10	11	12	13	14	15	16	17	18	19	25	#
36	954.485	1	2	4	5	6	7	8	10	11	12	13	14	15	16	18	19	25	#
37	94.8964	16	#
38	799.394	0	3	4	5	6	7	8	9	10	11	12	13	14	15	16	17	18	26	#
39	808.637	0	2	3	4	5	6	7	8	9	10	11	12	13	15	17	18	19	26	#
40	803.199	1	2	3	4	5	6	7	8	9	10	11	12	13	14	15	18	19	26	#
41	798.289	0	2	4	5	6	7	8	9	10	11	12	13	14	15	16	17	18	26	#
42	792.864	1	2	3	4	5	6	7	8	9	10	11	12	13	15	16	17	19	26	#
43	775.235	0	1	2	3	4	5	6	7	8	9	10	12	13	15	16	17	18	26	#
44	117.353	8	#
45	831.746	0	1	2	3	4	5	6	7	10	11	12	13	14	15	16	17	19	27	#
46	958.532	2	3	4	5	7	8	9	10	11	12	13	14	15	16	17	18	19	27	#
47	935.504	1	2	3	4	5	6	7	8	9	10	11	12	14	15	16	18	19	27	#
48	906.899	0	2	3	4	5	6	7	9	10	11	12	13	14	15	17	18	19	27	#
49	889.263	0	2	3	4	5	6	7	8	10	11	12	13	14	16	17	18	19	27	#
50	882.257	0	2	3	4	5	6	7	8	9	10	11	12	13	14	15	16	19	27	#
51	924.669	0	1	2	3	8	9	10	11	12	13	14	16	17	18	19	28	#
52	1104.72	0	1	2	3	4	6	8	9	12	14	15	16	17	18	19	28	#
53	1090.24	0	1	2	3	4	6	7	8	11	12	15	16	17	18	19	28	#
54	1084.9	0	1	2	3	5	6	7	8	9	11	15	16	17	18	19	28	#
55	1028.42	1	2	3	6	7	8	9	10	11	12	14	15	17	18	19	28	#
56	1015.57	0	1	2	3	4	6	7	8	10	11	12	16	17	18	19	28	#
57	57.322	7	10	#
58	82.9126	5	#
59	308.27	1	2	9	15	18	29	#
60	245.57	1	4	7	13	18	29	#
61	203.713	1	5	8	9	18	29	#
62	174.321	9	11	13	15	19	29	#
63	721.757	0	2	6	7	8	9	11	13	15	16	19	30	#
64	806.084	0	1	3	6	7	8	9	12	13	15	17	30	#
65	801.379	0	1	6	7	8	9	11	12	14	17	18	30	#
66	724.587	3	5	6	7	8	9	10	13	16	18	19	30	#
67	709.534	0	6	7	9	10	12	13	14	15	17	19	30	#
68	707.633	0	1	5	6	7	8	9	10	11	17	18	30	#
69	563.316	1	2	3	4	5	7	9	10	11	12	13	14	16	17	18	31	#
70	819.308	0	1	2	3	4	5	7	8	9	10	11	14	15	18	19	31	#
71	808.511	1	2	3	4	5	7	8	9	10	11	12	14	15	18	19	31	#
72	752.74	0	1	2	3	4	6	10	11	12	14	15	16	17	18	19	31	#
73	734.502	1	2	3	4	5	7	8	10	11	13	14	15	16	18	19	31	#
74	721.645	0	2	3	4	5	10	11	12	13	14	15	16	17	18	19	31	#
75	11223.397	5	7	16	32	#
76	325.644	5	6	15	32	#
77	313.649	7	8	13	32	#
78	210.293	6	7	16	32	#
79	258.899	3	13	17	33	#
80	284.011	3	4	17	33	#
81	253.801	2	3	10	33	#
82	130.365	0	9	13	33	#
83	641.19	0	1	2	3	4	5	8	9	10	11	14	15	16	17	18	19	34	#
84	654.211	0	1	2	3	4	5	7	8	9	11	12	14	15	16	17	18	34	#
85	631.048	1	2	3	4	5	6	9	10	11	12	14	15	16	17	18	19	34	#
86	626.688	0	1	2	3	4	5	6	7	10	12	14	15	16	17	18	19	34	#
87	601.904	0	1	2	3	4	5	8	9	10	13	14	15	16	17	18	19	34	#
88	596.031	0	1	2	3	4	5	6	7	9	10	11	14	15	16	17	18	34	#
89	1133.22	0	1	2	3	4	5	6	7	8	9	11	12	13	14	15	16	17	19	35	#
90	1237.71	0	1	2	3	4	5	6	7	8	9	12	13	14	15	16	17	18	19	35	#
91	1198.98	0	2	3	4	5	6	7	8	9	11	12	13	14	15	16	17	18	19	35	#
92	1131.13	0	1	2	3	4	5	6	7	8	9	10	12	13	14	15	16	17	19	35	#
93	1116.58	0	1	2	3	4	5	6	7	8	9	11	12	13	14	16	17	18	19	35	#
94	1114.49	0	1	2	3	4	5	6	7	8	9	10	12	13	14	16	17	18	19	35	#
95	225.264	3	13	19	36	#
96	323.715	3	13	15	36	#
97	194.598	1	3	4	36	#
98	100.185	6	10	19	36	#
99	862.339	3	4	5	7	8	9	11	12	17	37	#
100	845.328	0	2	3	4	7	8	9	17	18	37	#
101	833.613	1	2	3	5	6	7	8	12	19	37	#
102	807.463	1	2	3	8	10	11	12	13	16	37	#
103	783.679	1	2	4	8	9	10	11	12	17	37	#
104	768.322	0	2	3	5	7	8	13	14	17	37	#
